XMajor = [[15, 13.333333333333334, 26.666666666666668, 46.666666666666664, 13.333333333333334, 0.0, 0.0, 0.0],[13, 15.384615384615385, 38.46153846153846, 7.6923076923076925, 15.384615384615385, 15.384615384615385, 0.0, 7.6923076923076925],[4, 25.0, 0.0, 25.0, 50.0, 0.0, 0.0, 0.0],[10, 20.0, 30.0, 0.0, 0.0, 0.0, 20.0, 30.0],[6, 0.0, 33.333333333333336, 33.333333333333336, 0.0, 33.333333333333336, 0.0, 0.0],[8, 12.5, 37.5, 12.5, 12.5, 25.0, 0.0, 0.0],[12, 0.0, 41.666666666666664, 0.0, 16.666666666666668, 8.333333333333334, 16.666666666666668, 16.666666666666668],[4, 0.0, 0.0, 0.0, 50.0, 0.0, 50.0, 0.0],[11, 36.36363636363637, 36.36363636363637, 18.181818181818183, 9.090909090909092, 0.0, 0.0, 0.0],[9, 22.22222222222222, 22.22222222222222, 33.333333333333336, 0.0, 0.0, 22.22222222222222, 0.0],[11, 18.181818181818183, 9.090909090909092, 18.181818181818183, 9.090909090909092, 18.181818181818183, 27.272727272727273, 0.0],[9, 22.22222222222222, 44.44444444444444, 33.333333333333336, 0.0, 0.0, 0.0, 0.0],[12, 16.666666666666668, 8.333333333333334, 25.0, 41.666666666666664, 8.333333333333334, 0.0, 0.0],[7, 28.571428571428573, 28.571428571428573, 0.0, 0.0, 14.285714285714286, 28.571428571428573, 0.0],[10, 30.0, 10.0, 10.0, 20.0, 10.0, 10.0, 10.0],[7, 14.285714285714286, 14.285714285714286, 28.571428571428573, 14.285714285714286, 28.571428571428573, 0.0, 0.0],[6, 16.666666666666668, 33.333333333333336, 0.0, 16.666666666666668, 0.0, 33.333333333333336, 0.0],[12, 8.333333333333334, 50.0, 16.666666666666668, 8.333333333333334, 16.666666666666668, 0.0, 0.0],[12, 25.0, 41.666666666666664, 16.666666666666668, 16.666666666666668, 0.0, 0.0, 0.0],[7, 28.571428571428573, 0.0, 14.285714285714286, 14.285714285714286, 14.285714285714286, 14.285714285714286, 14.285714285714286],[13, 23.076923076923077, 7.6923076923076925, 30.76923076923077, 0.0, 15.384615384615385, 23.076923076923077, 0.0],[10, 20.0, 30.0, 20.0, 20.0, 10.0, 0.0, 0.0],[10, 10.0, 30.0, 20.0, 30.0, 0.0, 10.0, 0.0],[15, 20.0, 13.333333333333334, 26.666666666666668, 13.333333333333334, 20.0, 6.666666666666667, 0.0],[7, 28.571428571428573, 42.857142857142854, 0.0, 14.285714285714286, 14.285714285714286, 0.0, 0.0],[6, 33.333333333333336, 0.0, 0.0, 33.333333333333336, 0.0, 16.666666666666668, 16.666666666666668],[7, 14.285714285714286, 28.571428571428573, 14.285714285714286, 28.571428571428573, 0.0, 14.285714285714286, 0.0],[6, 16.666666666666668, 33.333333333333336, 16.666666666666668, 16.666666666666668, 0.0, 16.666666666666668, 0.0],[5, 20.0, 20.0, 0.0, 60.0, 0.0, 0.0, 0.0],[13, 0.0, 15.384615384615385, 15.384615384615385, 38.46153846153846, 15.384615384615385, 7.6923076923076925, 7.6923076923076925],[6, 16.666666666666668, 33.333333333333336, 0.0, 0.0, 33.333333333333336, 16.666666666666668, 0.0],[8, 25.0, 25.0, 25.0, 12.5, 0.0, 12.5, 0.0],[7, 28.571428571428573, 28.571428571428573, 14.285714285714286, 14.285714285714286, 0.0, 14.285714285714286, 0.0],[7, 28.571428571428573, 0.0, 42.857142857142854, 28.571428571428573, 0.0, 0.0, 0.0],[9, 33.333333333333336, 11.11111111111111, 11.11111111111111, 11.11111111111111, 22.22222222222222, 11.11111111111111, 0.0],[8, 12.5, 12.5, 50.0, 0.0, 12.5, 12.5, 0.0],[7, 28.571428571428573, 0.0, 0.0, 57.142857142857146, 14.285714285714286, 0.0, 0.0],[10, 0.0, 20.0, 20.0, 10.0, 10.0, 30.0, 10.0],[7, 28.571428571428573, 28.571428571428573, 0.0, 0.0, 14.285714285714286, 28.571428571428573, 0.0],[14, 7.142857142857143, 21.428571428571427, 14.285714285714286, 14.285714285714286, 42.857142857142854, 0.0, 0.0],[8, 12.5, 37.5, 37.5, 0.0, 12.5, 0.0, 0.0],[7, 0.0, 0.0, 28.571428571428573, 0.0, 28.571428571428573, 42.857142857142854, 0.0],[8, 12.5, 12.5, 12.5, 12.5, 25.0, 25.0, 0.0],[7, 14.285714285714286, 14.285714285714286, 14.285714285714286, 42.857142857142854, 14.285714285714286, 0.0, 0.0],[8, 25.0, 25.0, 12.5, 0.0, 12.5, 0.0, 25.0],[13, 30.76923076923077, 15.384615384615385, 15.384615384615385, 15.384615384615385, 15.384615384615385, 7.6923076923076925, 0.0],[7, 28.571428571428573, 14.285714285714286, 14.285714285714286, 0.0, 0.0, 28.571428571428573, 14.285714285714286],[6, 16.666666666666668, 50.0, 16.666666666666668, 0.0, 0.0, 16.666666666666668, 0.0],[8, 25.0, 37.5, 12.5, 0.0, 0.0, 12.5, 12.5],[9, 22.22222222222222, 0.0, 33.333333333333336, 22.22222222222222, 0.0, 0.0, 22.22222222222222],[6, 50.0, 0.0, 33.333333333333336, 0.0, 0.0, 16.666666666666668, 0.0],[9, 0.0, 22.22222222222222, 22.22222222222222, 22.22222222222222, 22.22222222222222, 11.11111111111111, 0.0],[7, 0.0, 28.571428571428573, 14.285714285714286, 28.571428571428573, 0.0, 0.0, 28.571428571428573],[11, 0.0, 27.272727272727273, 9.090909090909092, 18.181818181818183, 27.272727272727273, 9.090909090909092, 9.090909090909092],[13, 15.384615384615385, 23.076923076923077, 15.384615384615385, 7.6923076923076925, 23.076923076923077, 15.384615384615385, 0.0],[9, 22.22222222222222, 44.44444444444444, 11.11111111111111, 22.22222222222222, 0.0, 0.0, 0.0]]
YMajor = [0, 0, 1, 0, 3, 0, 0, 3, 0, 3, 0, 0, 0, 3, 1, 3, 3, 0, 0, 0, 2, 3, 3, 0, 3, 0, 3, 3, 3, 3, 0, 0, 0, 3, 0, 3, 0, 0, 3, 3, 0, 3, 3, 3, 0, 0, 3, 3, 0, 0, 1, 3, 3, 1, 0, 3]
XMinor = [[11, 9.090909090909092, 36.36363636363637, 18.181818181818183, 9.090909090909092, 9.090909090909092, 9.090909090909092, 9.090909090909092],[7, 28.571428571428573, 14.285714285714286, 28.571428571428573, 14.285714285714286, 0.0, 0.0, 14.285714285714286],[5, 20.0, 40.0, 20.0, 20.0, 0.0, 0.0, 0.0],[8, 12.5, 0.0, 25.0, 37.5, 12.5, 12.5, 0.0],[13, 7.6923076923076925, 30.76923076923077, 15.384615384615385, 30.76923076923077, 7.6923076923076925, 7.6923076923076925, 0.0],[4, 0.0, 50.0, 50.0, 0.0, 0.0, 0.0, 0.0],[3, 0.0, 0.0, 0.0, 33.333333333333336, 33.333333333333336, 33.333333333333336, 0.0],[8, 12.5, 37.5, 25.0, 0.0, 0.0, 25.0, 0.0],[13, 0.0, 7.6923076923076925, 7.6923076923076925, 23.076923076923077, 23.076923076923077, 38.46153846153846, 0.0],[8, 12.5, 50.0, 0.0, 0.0, 25.0, 12.5, 0.0],[7, 14.285714285714286, 42.857142857142854, 28.571428571428573, 14.285714285714286, 0.0, 0.0, 0.0],[14, 35.714285714285715, 14.285714285714286, 14.285714285714286, 0.0, 35.714285714285715, 0.0, 0.0],[12, 50.0, 8.333333333333334, 16.666666666666668, 16.666666666666668, 8.333333333333334, 0.0, 0.0],[10, 10.0, 10.0, 40.0, 30.0, 0.0, 10.0, 0.0],[11, 9.090909090909092, 18.181818181818183, 0.0, 18.181818181818183, 18.181818181818183, 9.090909090909092, 27.272727272727273],[10, 0.0, 40.0, 10.0, 20.0, 20.0, 0.0, 10.0],[8, 37.5, 37.5, 0.0, 0.0, 25.0, 0.0, 0.0],[12, 16.666666666666668, 16.666666666666668, 16.666666666666668, 33.333333333333336, 0.0, 16.666666666666668, 0.0],[9, 11.11111111111111, 33.333333333333336, 22.22222222222222, 0.0, 22.22222222222222, 11.11111111111111, 0.0],[6, 16.666666666666668, 16.666666666666668, 33.333333333333336, 16.666666666666668, 0.0, 16.666666666666668, 0.0],[7, 0.0, 14.285714285714286, 42.857142857142854, 14.285714285714286, 0.0, 0.0, 28.571428571428573],[10, 20.0, 30.0, 30.0, 10.0, 0.0, 10.0, 0.0],[8, 0.0, 37.5, 25.0, 0.0, 25.0, 12.5, 0.0],[11, 9.090909090909092, 0.0, 54.54545454545455, 18.181818181818183, 18.181818181818183, 0.0, 0.0],[6, 0.0, 33.333333333333336, 66.66666666666667, 0.0, 0.0, 0.0, 0.0],[6, 0.0, 33.333333333333336, 33.333333333333336, 16.666666666666668, 16.666666666666668, 0.0, 0.0],[10, 20.0, 20.0, 30.0, 20.0, 0.0, 0.0, 10.0],[10, 20.0, 20.0, 30.0, 20.0, 10.0, 0.0, 0.0],[9, 22.22222222222222, 0.0, 0.0, 55.55555555555556, 22.22222222222222, 0.0, 0.0],[11, 27.272727272727273, 9.090909090909092, 18.181818181818183, 0.0, 18.181818181818183, 9.090909090909092, 18.181818181818183],[10, 40.0, 10.0, 0.0, 10.0, 20.0, 20.0, 0.0],[10, 10.0, 30.0, 10.0, 20.0, 30.0, 0.0, 0.0],[12, 0.0, 8.333333333333334, 16.666666666666668, 41.666666666666664, 16.666666666666668, 16.666666666666668, 0.0],[7, 0.0, 57.142857142857146, 42.857142857142854, 0.0, 0.0, 0.0, 0.0],[11, 0.0, 27.272727272727273, 9.090909090909092, 27.272727272727273, 9.090909090909092, 27.272727272727273, 0.0],[8, 25.0, 37.5, 0.0, 25.0, 0.0, 12.5, 0.0],[9, 0.0, 44.44444444444444, 0.0, 0.0, 22.22222222222222, 11.11111111111111, 22.22222222222222],[11, 18.181818181818183, 27.272727272727273, 9.090909090909092, 18.181818181818183, 9.090909090909092, 9.090909090909092, 9.090909090909092],[11, 0.0, 54.54545454545455, 9.090909090909092, 27.272727272727273, 0.0, 9.090909090909092, 0.0],[4, 25.0, 25.0, 25.0, 25.0, 0.0, 0.0, 0.0],[3, 33.333333333333336, 33.333333333333336, 0.0, 0.0, 0.0, 33.333333333333336, 0.0],[12, 33.333333333333336, 16.666666666666668, 16.666666666666668, 16.666666666666668, 16.666666666666668, 0.0, 0.0],[10, 20.0, 30.0, 40.0, 10.0, 0.0, 0.0, 0.0],[12, 16.666666666666668, 16.666666666666668, 16.666666666666668, 0.0, 33.333333333333336, 16.666666666666668, 0.0],[5, 40.0, 20.0, 20.0, 20.0, 0.0, 0.0, 0.0],[3, 33.333333333333336, 0.0, 0.0, 66.66666666666667, 0.0, 0.0, 0.0],[9, 0.0, 33.333333333333336, 44.44444444444444, 0.0, 11.11111111111111, 11.11111111111111, 0.0]]
YMinor = [2, 1, 2, 1, 1, 1, 3, 2, 1, 1, 2, 2, 2, 3, 1, 1, 2, 1, 1, 2, 1, 2, 2, 1, 2, 1, 1, 3, 2, 2, 2, 1, 1, 1, 1, 1, 1, 2, 1, 2, 2, 2, 1, 1, 2, 2, 1]
